5 75 9944 6392 7124 8343 15574 15594 7756 1693 4968 15636 1470 11329 7478 9174 4483 15627 3565 10170 15704 5938 3861 15821 6173 15875 11100 15947 9108 15995 15949 15961 6910 11386 10614 16127 7936 10102 16176 1172 16138 2193 3111 2807 16199 5642 9644 5855 7493 10453 7158 19 7754 7620 16375 7645 5508 9364 16547 6812 6372 16653 243 16783 10265 5244 6690 16849 8487 1408 11074 119 17112 8370 1131 90 2250 
4 42 5508 8614 16432 10905 162 10828 16452 5575 8418 3849 510 10717 16416 16394 16378 16422 2188 9698 4376 16333 16272 5054 6862 7163 11124 2392 6630 16066 15998 2864 2034 15795 8225 15694 3402 9258 3746 15772 4752 11054 4439 5605 
3 21 10170 7958 4845 5512 8719 11059 5573 16205 2217 7409 16245 16268 8038 5569 16159 2556 791 16115 8052 2666 15949 
3 7 4845 15830 15868 521 6569 10260 2112 
1 4 2556 3260 11541 15875 
3 39 3111 4193 3136 15881 10965 10607 5007 15600 15533 10232 8627 137 8244 15468 8059 15479 3764 9612 15303 15287 5440 15231 9631 8570 6094 10385 6479 14995 2472 8374 6596 4443 1122 8546 10009 223 1284 5037 7810 
4 27 15704 15637 2170 3330 15435 10928 4296 8500 4731 15346 1036 6048 4557 5944 11181 15248 1955 15244 15193 4209 180 6165 15050 2102 4037 11325 6479 
3 11 15947 1104 11407 7704 15696 8026 9283 15540 654 1205 4296 
3 8 10928 2565 15484 15532 1892 11364 15762 15821 
3 8 4037 6201 2456 15254 871 15321 7508 137 
3 6 10607 11589 15824 3312 7135 6553 
1 7 5007 15649 15612 15580 9962 15570 2070 
3 11 6553 10354 11352 2070 15511 11271 15363 15308 3574 2044 4209 
3 8 8627 2826 15374 697 8440 6306 10856 2102 
3 11 15533 7215 15496 7578 15416 15364 8693 2038 15196 3526 6165 
4 13 6910 6718 15885 1223 1415 15720 15642 15586 1950 3165 11288 3665 15244 
4 10 15949 15884 228 15736 1584 9486 2023 10006 7251 5944 
3 14 15346 15247 1050 15165 3279 7387 11175 14949 14977 15012 3117 2575 15085 15053 
3 8 6596 5168 9884 15041 7293 1002 15152 3248 
1 5 3248 4874 15265 9044 9612 
2 4 5573 10846 11654 16094 
2 67 1050 15200 7101 982 15151 8386 8048 4902 5557 15037 987 14991 11080 14935 14911 14892 14873 932 1207 14874 6544 7060 14726 4461 14647 8351 14532 8566 2189 6950 1776 2327 9228 3082 8227 6561 3455 9661 14298 14326 14372 4233 11398 14501 3632 6847 10169 14566 6607 390 14680 6463 10182 14537 14506 1304 6125 11091 2310 7909 14312 14304 9113 6818 10780 5550 8212 
3 2 8212 4233 
2 6 3632 10993 7495 1127 10872 14767 
2 11 2034 10330 15915 7975 15957 3996 7284 15999 7088 707 3069 
2 6 8370 11564 17254 11653 7318 17266 
2 4 15012 10506 14884 37 
1 11 37 14854 7009 5885 14758 11543 14696 14678 14624 954 14525 
1 3 37 217 4067 
2 12 10506 1915 5746 4067 10982 701 14614 1768 7539 14613 7240 14525 
2 7 6807 1674 7236 5472 10971 2877 9284 
1 7 9284 735 13152 1260 13173 2908 7236 
1 6 2908 6598 260 12992 1517 12982 
1 2 10232 3400 
1 2 3400 10232 
3 6 5007 2977 7779 9496 15541 8244 
3 6 9496 15630 8592 5743 6379 8059 
5 9 119 5561 1969 17222 6309 4085 11335 17100 191 
5 2 191 5561 
1 13 2250 4526 17461 6005 458 10730 6571 1837 706 17935 17975 8852 10799 
5 12 11175 8117 1651 14889 5349 5629 15013 11714 5467 15105 15074 4902 
5 18 3242 8257 261 14176 6407 14212 11273 2280 4927 4143 13841 6892 2963 9161 1901 4616 9941 13774 
5 16 13689 1812 13809 8175 2190 10184 434 4143 13956 6122 2231 13987 1612 171 14209 14263 
1 8 14284 14221 14166 7547 713 5907 13873 7254 
1 12 14223 1547 14107 14031 103 1794 13824 5988 10033 13928 13999 5571 
1 3 5571 14031 4305 
1 13 8482 3024 2647 11217 10088 3159 13874 459 7154 14060 5613 14185 14204 
1 2 14204 8482 
1 3 3024 2763 7154 
1 15 14077 98 4746 14254 4363 14224 5880 10586 4657 592 8855 13868 13899 5000 8499 
1 2 14077 8499 
1 4 10586 14072 7270 14077 
1 6 2217 5693 591 5497 16575 7687 
1 6 5497 779 6060 16700 10085 7687 
5 64 5880 9096 11212 14249 3344 14307 14371 14427 14475 14497 11561 6046 14709 14757 4108 10565 7026 9684 4339 3821 15179 5650 6216 15371 5378 2134 15573 9944 15711 2760 15833 15908 15964 2604 4922 16235 8737 2337 16470 1632 2733 908 16736 1893 3967 7714 11363 17144 1277 2719 17312 271 17382 5042 17483 121 5333 2865 17708 840 11604 17903 10075 9034 
2 9 14995 3258 4304 15097 2970 4227 11079 2620 15234 
2 2 15265 15234 
1 2 8719 10738 
1 2 15868 10921 
1 2 15868 1043 
1 2 4845 4728 
1 2 6569 4101 
1 2 2112 10630 
1 2 6569 11195 
1 2 521 7120 
1 2 10846 16062 
1 2 11654 6987 
1 2 16094 5785 
1 2 10846 5131 
1 10 5693 5948 16373 6288 9040 9829 5455 6110 16296 16308 
2 7 5569 2264 10845 2517 16241 4577 16172 
2 5 1172 5044 1200 10499 5991 
2 4 5642 16271 2796 7067 
2 2 10453 3666 
3 3 7158 7025 5289 
3 2 7025 16160 
