state = {
    id = 17
    name = "STATE_17"
    manpower = 1

    state_category = pastoral

    history = {
        owner = SAD
        
        add_core_of = SAD
    }

    provinces = {
        31 401 591 801 917 1344 1886 2217 2264 2423 2517 2635 2936 3341 3474 3529 3600 4404 4577 4931 5455 5569 5693 5727 5948 6288 6462 6850 7047 7409 7859 8038 8575 8821 9040 9187 9244 9268 9273 9289 9481 9829 10364 10845 11410 11500 16172 16241 16245 16255 16268 16269 16297 16319 16320 16343 16348 16353 16366 16373 16402 16403 16414 16420 16463 16477 16492 16507 
    }

}
