state = {
	id = 31
	name = "STATE_31"
	manpower = 1

	state_category = pastoral

	provinces = {
		411 726 791 1279 1739 2264 2286 2556 2666 2721 3035 3260 3331 3474 3588 3861 4141 5542 5569 5938 6173 6462 6666 6804 6910 7406 7409 7697 7936 8038 8052 8201 8948 9042 9059 9108 10102 10202 10333 10614 10624 10845 11100 11252 11386 11541 11582 15765 15821 15875 15928 15937 15947 15949 15961 15986 15995 16007 16040 16069 16085 16102 16106 16115 16127 16137 16142 16159 16208 16245 16268 16289 16374 16441 16446 16479 16523 
	}

	history = {
		owner = UPA
		
		add_core_of = UPA
	}

}
