state = {
	id = 34
	name = "STATE_34"
	manpower = 1

	state_category = pastoral

	provinces = {
		260 377 599 735 752 867 1232 1260 1424 1517 1609 1648 1674 1702 1765 2526 2877 2908 3053 3145 3839 4042 4066 4102 4218 4307 4325 4572 4853 4890 4920 5202 5216 5407 5472 5586 5616 5725 5805 5822 5839 5890 5990 6209 6342 6345 6500 6591 6598 6807 7136 7236 7444 7561 7763 8086 8338 8459 8751 8790 9238 9284 9464 9579 9619 9830 9838 10219 10395 10641 10768 10771 10790 10934 10971 11029 11036 11104 11344 11546 12646 12652 12693 12717 12718 12756 12795 12802 12814 12815 12816 12839 12850 12851 12856 12863 12865 12894 12917 12930 12934 12941 12950 12951 12965 12971 12972 12982 12984 12985 12986 12992 12998 13007 13019 13027 13040 13062 13073 13093 13094 13113 13116 13152 13173 
	}

	history = {
		owner = SAD
		
		add_core_of = SAD
	}

}
