state = {
	id = 50
	name = "STATE_50"
	manpower = 1

	state_category = pastoral

	provinces = {
		116 223 281 445 537 1018 1122 1284 1811 1832 1840 1941 2068 2934 3095 3132 3768 3870 4385 4466 4610 5037 5219 5259 5261 5373 5486 5611 5676 5996 7408 7728 7784 7788 7810 8356 8546 8718 8799 9207 9348 9682 10009 10197 10449 10651 10812 11763 14515 14522 14596 14648 14667 14687 14714 14715 14727 14784 14833 14856 14863 14878 14927 14971 15008 15098 
	}

	history = {
		owner = UPA
		
		add_core_of = UPA
	}

}
