state = {
	id = 47
	name = "STATE_47"
	manpower = 1

	state_category = pastoral

	provinces = {
		70 387 540 688 996 1235 1386 1412 1574 1607 1686 2375 2491 2597 3092 3153 3470 3720 4030 4282 4682 4767 5152 5289 5421 5808 6430 6491 7000 7025 7187 7239 7345 8104 8181 8407 8490 8973 8988 9010 9011 9030 9697 10166 10240 10324 10427 10592 10807 11206 11502 11690 11758 11776 15660 15790 15827 15841 15856 15919 15920 15930 15977 15996 16019 16051 16064 16078 16086 16103 16107 16143 16160 16206 16212 16265 16326 
	}

	history = {
		owner = UPA
		
		add_core_of = UPA
	}

}
