state = {
	id = 36
	name = "STATE_36"
	manpower = 1

	state_category = pastoral

	provinces = {
		5 88 180 228 253 306 330 417 697 871 1070 1114 1584 1793 1950 1955 2023 2038 2044 2048 2102 2114 2152 2173 2368 2446 2456 2567 2826 3165 3360 3425 3526 3574 3665 3876 3977 4037 4209 4447 4464 4503 4557 4750 5072 5151 5185 5199 5440 5710 5944 6048 6094 6165 6201 6306 6479 6796 6860 7251 7358 7508 7641 7782 7888 8269 8386 8440 8500 8570 8693 8795 9166 9261 9486 9536 9631 9850 10006 10122 10278 10385 10664 10673 10779 10856 11004 11106 11181 11271 11288 11325 11382 14951 15050 15171 15193 15196 15201 15216 15221 15222 15231 15237 15244 15248 15254 15270 15297 15308 15321 15329 15341 15347 15359 15363 15364 15373 15374 15387 15393 15396 15412 15413 15416 15425 15446 15448 15489 15492 15495 15501 15551 15595 15628 15685 15690 15736 15805 15823 15884 
	}

	history = {
		owner = UPA
		
		add_core_of = UPA
	}

}
