state = {
	id = 51
	name = "STATE_51"
	manpower = 1

	state_category = pastoral

	provinces = {
		207 346 1008 1127 2030 2094 2150 2213 2493 2686 2699 2746 2784 2862 3152 3236 3411 3429 3502 3831 3857 3901 3943 4049 4468 4650 4826 5939 6083 6323 6414 6490 6509 6626 6635 6834 6981 7114 7327 7495 7917 7955 8029 8779 8879 8898 9323 9342 9584 9668 10052 10632 10778 10872 10888 10985 10993 11182 11215 11224 14597 14633 14649 14672 14675 14697 14711 14732 14767 14771 14776 14806 14818 14829 14840 14841 14868 14897 14921 14932 14941 14946 14960 14968 15009 15042 15060 15075 15084 15139 15161 15207 
	}

	history = {
		owner = UPA
		
		add_core_of = UPA
	}

}
