state = {
	id = 54
	name = "STATE_54"
	manpower = 1200000

	state_category = pastoral

	provinces = {
		19 151 442 582 656 911 1115 1172 1200 1730 2193 2341 2796 2807 3111 3194 3666 4482 5044 5425 5528 5641 5642 5855 5991 6494 6524 6954 7067 7158 7384 7493 7505 7754 8076 9072 9171 9567 9644 9987 10216 10361 10453 10458 10499 11301 11659 16138 16147 16176 16187 16199 16270 16271 16303 16354 16360 16387 16408 16421 16429 16437 16481 16494 16498 16534 16537 16546 16565 16580 
	}

	history = {
		owner = UPA
		
		add_core_of = UPA
	}

}
