state = {
	id = 71
	name = "STATE_71"
	manpower = 14881488

	state_category = pastoral

	provinces = {
		55 82 96 98 103 163 171 188 193 197 219 261 264 292 318 380 434 449 459 465 466 538 589 592 612 642 713 734 743 755 767 770 784 812 956 1121 1208 1228 1261 1266 1312 1357 1363 1483 1505 1547 1556 1558 1567 1575 1579 1590 1612 1649 1650 1664 1738 1743 1794 1812 1848 1901 1930 1963 1996 2033 2082 2098 2158 2159 2160 2164 2190 2196 2231 2244 2251 2269 2280 2322 2326 2342 2349 2351 2371 2404 2427 2454 2465 2481 2488 2536 2611 2640 2647 2692 2763 2783 2844 2847 2875 2917 2925 2963 2991 3013 3021 3024 3049 3093 3112 3129 3159 3181 3186 3230 3242 3245 3249 3251 3278 3299 3303 3328 3329 3344 3392 3435 3466 3575 3622 3647 3659 3668 3747 3777 3809 3921 3926 3970 3973 4032 4038 4083 4090 4122 4137 4143 4187 4195 4214 4226 4258 4266 4272 4305 4319 4345 4350 4363 4365 4407 4410 4414 4415 4436 4474 4490 4513 4563 4579 4616 4640 4657 4746 4775 4798 4839 4866 4870 4889 4895 4899 4927 4949 5000 5061 5078 5101 5102 5110 5115 5123 5140 5182 5232 5281 5310 5322 5324 5345 5358 5363 5382 5432 5442 5465 5491 5529 5571 5612 5613 5714 5875 5880 5881 5886 5907 5984 5988 6076 6082 6096 6099 6108 6115 6122 6175 6207 6253 6257 6270 6295 6407 6420 6431 6442 6450 6453 6464 6480 6489 6526 6549 6590 6594 6634 6644 6672 6697 6713 6749 6761 6806 6877 6892 6953 6993 7153 7154 7228 7253 7254 7270 7305 7321 7391 7424 7460 7542 7547 7560 7680 7849 8000 8003 8035 8064 8093 8110 8175 8182 8200 8202 8235 8243 8257 8296 8308 8318 8340 8368 8426 8480 8482 8499 8505 8526 8593 8605 8631 8640 8661 8675 8680 8687 8746 8837 8847 8855 8892 8945 9090 9093 9096 9105 9106 9161 9190 9255 9277 9299 9366 9441 9554 9573 9586 9603 9625 9627 9704 9786 9802 9819 9870 9900 9914 9941 9956 9988 10019 10033 10067 10088 10090 10104 10184 10388 10401 10470 10504 10518 10548 10564 10569 10578 10586 10622 10697 10714 10782 10787 10801 10821 10869 10894 10904 10925 10930 10948 10976 10998 11010 11064 11088 11116 11161 11183 11212 11217 11266 11272 11273 11294 11334 11373 11374 11411 11447 11465 11488 11545 11561 11562 11694 11709 11739 11760 13631 13632 13644 13654 13664 13665 13672 13673 13679 13686 13689 13696 13712 13713 13730 13733 13736 13748 13749 13753 13754 13758 13774 13777 13778 13782 13788 13789 13797 13800 13809 13810 13813 13824 13832 13833 13836 13841 13852 13862 13867 13868 13872 13873 13874 13880 13881 13882 13899 13906 13911 13925 13927 13928 13934 13935 13945 13950 13952 13953 13956 13957 13958 13961 13987 13999 14004 14009 14017 14026 14027 14031 14032 14038 14039 14043 14047 14059 14060 14066 14067 14072 14075 14076 14077 14079 14080 14089 14101 14107 14114 14115 14121 14122 14141 14146 14147 14152 14166 14167 14168 14176 14181 14185 14192 14196 14202 14203 14204 14205 14208 14209 14212 14213 14221 14223 14224 14227 14236 14248 14249 14253 14254 14261 14262 14263 14264 14265 14269 14275 14276 14277 14284 14288 14293 14294 14300 14305 14306 14307 14311 14319 14323 14324 14330 14334 14335 14336 14337 14338 14339 14341 14343 14349 14360 14368 14370 14371 14376 14377 14383 14391 14392 14396 14421 14426 14427 14429 14438 14441 14443 14457 14465 14474 14475 14478 14479 14487 14493 14496 14497 14498 14503 14512 14513 14524 14527 14535 14542 14547 14553 14558 14582 14593 14598 14603 14610 14618 14621 14622 14636 14656 14663 14664 14676 14683 14684 14698 14700 14718 14725 14737 14738 14749 14752 14765 14793 14801 
	}

	history = {
		owner = DNO
		
		add_core_of = DNO
	}

}
