state = {
	id = 75
	name = "STATE_75"
	manpower = 1

	state_category = pastoral

	provinces = {
		599 752 1232 1424 1609 1648 1702 1765 2526 3053 3839 4042 4066 4102 4218 4307 4325 4572 4853 4890 4920 5407 5586 5616 5725 5805 5822 5839 5890 5990 6209 6342 6345 6591 7136 7444 7561 7763 8086 8751 8790 9238 9579 9830 9838 10219 10395 10641 10771 10790 10934 11029 11036 11104 11344 11546 12646 12652 12693 12717 12718 12756 12795 12802 12814 12815 12816 12839 12850 12851 12856 12863 12865 12894 12934 12941 12950 12965 12971 12972 12984 12985 12998 13019 13027 13062 13073 13093 13113 
	}

	history = {
		owner = UPA
		
		add_core_of = UPA
	}

}
